0.0100 0.0000 0.0100
0.0100 0.0370 0.0198
0.0100 0.0741 0.0334
0.0100 0.1111 0.0497
0.0100 0.1481 0.0675
0.0100 0.1852 0.0855
0.0100 0.2222 0.1028
0.0100 0.2593 0.1187
0.0100 0.2963 0.1329
0.0100 0.3333 0.1452
0.0100 0.3704 0.1558
0.0100 0.4074 0.1647
0.0100 0.4444 0.1721
0.0100 0.4815 0.1783
0.0100 0.5185 0.1834
0.0100 0.5556 0.1876
0.0100 0.5926 0.1910
0.0100 0.6296 0.1938
0.0100 0.6667 0.1960
0.0100 0.7037 0.1979
0.0100 0.7407 0.1993
0.0100 0.7778 0.2005
0.0100 0.8148 0.2015
0.0100 0.8519 0.2023
0.0100 0.8889 0.2029
0.0100 0.9259 0.2035
0.0100 0.9630 0.2039
0.0600 0.0000 0.0600
0.0600 0.0370 0.0781
0.0600 0.0741 0.0958
0.0600 0.1111 0.1123
0.0600 0.1481 0.1272
0.0600 0.1852 0.1403
0.0600 0.2222 0.1516
0.0600 0.2593 0.1612
0.0600 0.2963 0.1692
0.0600 0.3333 0.1759
0.0600 0.3704 0.1814
0.0600 0.4074 0.1859
0.0600 0.4444 0.1896
0.0600 0.4815 0.1927
0.0600 0.5185 0.1951
0.0600 0.5556 0.1971
0.0600 0.5926 0.1988
0.0600 0.6296 0.2001
0.0600 0.6667 0.2011
0.0600 0.7037 0.2020
0.0600 0.7407 0.2027
0.0600 0.7778 0.2033
0.0600 0.8148 0.2037
0.0600 0.8519 0.2041
0.0600 0.8889 0.2044
0.0600 0.9259 0.2046
0.0600 0.9630 0.2048
0.1100 0.0000 0.1100
0.1100 0.0370 0.1252
0.1100 0.0741 0.1385
0.1100 0.1111 0.1501
0.1100 0.1481 0.1599
0.1100 0.1852 0.1681
0.1100 0.2222 0.1750
0.1100 0.2593 0.1807
0.1100 0.2963 0.1853
0.1100 0.3333 0.1892
0.1100 0.3704 0.1923
0.1100 0.4074 0.1948
0.1100 0.4444 0.1969
0.1100 0.4815 0.1985
0.1100 0.5185 0.1999
0.1100 0.5556 0.2010
0.1100 0.5926 0.2019
0.1100 0.6296 0.2026
0.1100 0.6667 0.2032
0.1100 0.7037 0.2037
0.1100 0.7407 0.2040
0.1100 0.7778 0.2043
0.1100 0.8148 0.2046
0.1100 0.8519 0.2048
0.1100 0.8889 0.2049
0.1100 0.9259 0.2051
0.1100 0.9630 0.2052
0.1600 0.0000 0.1600
0.1600 0.0370 0.1682
0.1600 0.0741 0.1751
0.1600 0.1111 0.1807
0.1600 0.1481 0.1854
0.1600 0.1852 0.1892
0.1600 0.2222 0.1923
0.1600 0.2593 0.1948
0.1600 0.2963 0.1969
0.1600 0.3333 0.1986
0.1600 0.3704 0.1999
0.1600 0.4074 0.2010
0.1600 0.4444 0.2019
0.1600 0.4815 0.2026
0.1600 0.5185 0.2032
0.1600 0.5556 0.2037
0.1600 0.5926 0.2040
0.1600 0.6296 0.2043
0.1600 0.6667 0.2046
0.1600 0.7037 0.2048
0.1600 0.7407 0.2049
0.1600 0.7778 0.2051
0.1600 0.8148 0.2052
0.1600 0.8519 0.2053
0.1600 0.8889 0.2053
0.1600 0.9259 0.2054
0.1600 0.9630 0.2054
0.2100 0.0000 0.2100
0.2100 0.0370 0.2091
0.2100 0.0741 0.2085
0.2100 0.1111 0.2079
0.2100 0.1481 0.2075
0.2100 0.1852 0.2071
0.2100 0.2222 0.2068
0.2100 0.2593 0.2066
0.2100 0.2963 0.2064
0.2100 0.3333 0.2062
0.2100 0.3704 0.2061
0.2100 0.4074 0.2060
0.2100 0.4444 0.2059
0.2100 0.4815 0.2059
0.2100 0.5185 0.2058
0.2100 0.5556 0.2058
0.2100 0.5926 0.2058
0.2100 0.6296 0.2057
0.2100 0.6667 0.2057
0.2100 0.7037 0.2057
0.2100 0.7407 0.2057
0.2100 0.7778 0.2057
0.2100 0.8148 0.2057
0.2100 0.8519 0.2056
0.2100 0.8889 0.2056
0.2100 0.9259 0.2056
0.2100 0.9630 0.2056
0.2600 0.0000 0.2600
0.2600 0.0370 0.2489
0.2600 0.0741 0.2401
0.2600 0.1111 0.2332
0.2600 0.1481 0.2277
0.2600 0.1852 0.2233
0.2600 0.2222 0.2198
0.2600 0.2593 0.2170
0.2600 0.2963 0.2148
0.2600 0.3333 0.2130
0.2600 0.3704 0.2115
0.2600 0.4074 0.2104
0.2600 0.4444 0.2095
0.2600 0.4815 0.2087
0.2600 0.5185 0.2081
0.2600 0.5556 0.2076
0.2600 0.5926 0.2072
0.2600 0.6296 0.2069
0.2600 0.6667 0.2067
0.2600 0.7037 0.2065
0.2600 0.7407 0.2063
0.2600 0.7778 0.2062
0.2600 0.8148 0.2061
0.2600 0.8519 0.2060
0.2600 0.8889 0.2059
0.2600 0.9259 0.2058
0.2600 0.9630 0.2058
0.3100 0.0000 0.3100
0.3100 0.0370 0.2880
0.3100 0.0741 0.2709
0.3100 0.1111 0.2574
0.3100 0.1481 0.2469
0.3100 0.1852 0.2385
0.3100 0.2222 0.2319
0.3100 0.2593 0.2267
0.3100 0.2963 0.2225
0.3100 0.3333 0.2192
0.3100 0.3704 0.2165
0.3100 0.4074 0.2144
0.3100 0.4444 0.2126
0.3100 0.4815 0.2113
0.3100 0.5185 0.2102
0.3100 0.5556 0.2093
0.3100 0.5926 0.2086
0.3100 0.6296 0.2080
0.3100 0.6667 0.2075
0.3100 0.7037 0.2072
0.3100 0.7407 0.2069
0.3100 0.7778 0.2066
0.3100 0.8148 0.2064
0.3100 0.8519 0.2063
0.3100 0.8889 0.2061
0.3100 0.9259 0.2060
0.3100 0.9630 0.2060
0.3600 0.0000 0.3600
0.3600 0.0370 0.3270
0.3600 0.0741 0.3013
0.3600 0.1111 0.2813
0.3600 0.1481 0.2656
0.3600 0.1852 0.2533
0.3600 0.2222 0.2436
0.3600 0.2593 0.2359
0.3600 0.2963 0.2299
0.3600 0.3333 0.2250
0.3600 0.3704 0.2212
0.3600 0.4074 0.2181
0.3600 0.4444 0.2157
0.3600 0.4815 0.2137
0.3600 0.5185 0.2121
0.3600 0.5556 0.2108
0.3600 0.5926 0.2098
0.3600 0.6296 0.2090
0.3600 0.6667 0.2083
0.3600 0.7037 0.2078
0.3600 0.7407 0.2074
0.3600 0.7778 0.2070
0.3600 0.8148 0.2068
0.3600 0.8519 0.2065
0.3600 0.8889 0.2064
0.3600 0.9259 0.2062
0.3600 0.9630 0.2061
0.4100 0.0000 0.4100
0.4100 0.0370 0.3662
0.4100 0.0741 0.3319
0.4100 0.1111 0.3051
0.4100 0.1481 0.2842
0.4100 0.1852 0.2679
0.4100 0.2222 0.2551
0.4100 0.2593 0.2450
0.4100 0.2963 0.2371
0.4100 0.3333 0.2308
0.4100 0.3704 0.2257
0.4100 0.4074 0.2218
0.4100 0.4444 0.2186
0.4100 0.4815 0.2160
0.4100 0.5185 0.2140
0.4100 0.5556 0.2123
0.4100 0.5926 0.2110
0.4100 0.6296 0.2100
0.4100 0.6667 0.2091
0.4100 0.7037 0.2084
0.4100 0.7407 0.2079
0.4100 0.7778 0.2075
0.4100 0.8148 0.2071
0.4100 0.8519 0.2068
0.4100 0.8889 0.2066
0.4100 0.9259 0.2064
0.4100 0.9630 0.2062
0.4600 0.0000 0.4600
0.4600 0.0370 0.4059
0.4600 0.0741 0.3630
0.4600 0.1111 0.3294
0.4600 0.1481 0.3031
0.4600 0.1852 0.2827
0.4600 0.2222 0.2667
0.4600 0.2593 0.2541
0.4600 0.2963 0.2443
0.4600 0.3333 0.2365
0.4600 0.3704 0.2303
0.4600 0.4074 0.2254
0.4600 0.4444 0.2215
0.4600 0.4815 0.2183
0.4600 0.5185 0.2158
0.4600 0.5556 0.2138
0.4600 0.5926 0.2122
0.4600 0.6296 0.2109
0.4600 0.6667 0.2099
0.4600 0.7037 0.2091
0.4600 0.7407 0.2084
0.4600 0.7778 0.2079
0.4600 0.8148 0.2074
0.4600 0.8519 0.2071
0.4600 0.8889 0.2068
0.4600 0.9259 0.2066
0.4600 0.9630 0.2064
0.5100 0.0000 0.5100
0.5100 0.0370 0.4463
0.5100 0.0741 0.3950
0.5100 0.1111 0.3544
0.5100 0.1481 0.3227
0.5100 0.1852 0.2979
0.5100 0.2222 0.2786
0.5100 0.2593 0.2635
0.5100 0.2963 0.2516
0.5100 0.3333 0.2423
0.5100 0.3704 0.2349
0.5100 0.4074 0.2290
0.5100 0.4444 0.2244
0.5100 0.4815 0.2207
0.5100 0.5185 0.2177
0.5100 0.5556 0.2153
0.5100 0.5926 0.2134
0.5100 0.6296 0.2119
0.5100 0.6667 0.2107
0.5100 0.7037 0.2097
0.5100 0.7407 0.2089
0.5100 0.7778 0.2083
0.5100 0.8148 0.2077
0.5100 0.8519 0.2073
0.5100 0.8889 0.2070
0.5100 0.9259 0.2067
0.5100 0.9630 0.2065
0.5600 0.0000 0.5600
0.5600 0.0370 0.4878
0.5600 0.0741 0.4283
0.5600 0.1111 0.3807
0.5600 0.1481 0.3432
0.5600 0.1852 0.3139
0.5600 0.2222 0.2911
0.5600 0.2593 0.2733
0.5600 0.2963 0.2593
0.5600 0.3333 0.2483
0.5600 0.3704 0.2397
0.5600 0.4074 0.2328
0.5600 0.4444 0.2274
0.5600 0.4815 0.2231
0.5600 0.5185 0.2196
0.5600 0.5556 0.2169
0.5600 0.5926 0.2147
0.5600 0.6296 0.2129
0.5600 0.6667 0.2115
0.5600 0.7037 0.2103
0.5600 0.7407 0.2094
0.5600 0.7778 0.2087
0.5600 0.8148 0.2081
0.5600 0.8519 0.2076
0.5600 0.8889 0.2072
0.5600 0.9259 0.2069
0.5600 0.9630 0.2067
0.6100 0.0000 0.6100
0.6100 0.0370 0.5307
0.6100 0.0741 0.4634
0.6100 0.1111 0.4086
0.6100 0.1481 0.3651
0.6100 0.1852 0.3310
0.6100 0.2222 0.3044
0.6100 0.2593 0.2837
0.6100 0.2963 0.2675
0.6100 0.3333 0.2548
0.6100 0.3704 0.2448
0.6100 0.4074 0.2369
0.6100 0.4444 0.2306
0.6100 0.4815 0.2256
0.6100 0.5185 0.2217
0.6100 0.5556 0.2185
0.6100 0.5926 0.2160
0.6100 0.6296 0.2139
0.6100 0.6667 0.2123
0.6100 0.7037 0.2110
0.6100 0.7407 0.2099
0.6100 0.7778 0.2091
0.6100 0.8148 0.2084
0.6100 0.8519 0.2079
0.6100 0.8889 0.2074
0.6100 0.9259 0.2071
0.6100 0.9630 0.2068
0.6600 0.0000 0.6600
0.6600 0.0370 0.5752
0.6600 0.0741 0.5007
0.6600 0.1111 0.4388
0.6600 0.1481 0.3890
0.6600 0.1852 0.3497
0.6600 0.2222 0.3190
0.6600 0.2593 0.2950
0.6600 0.2963 0.2764
0.6600 0.3333 0.2617
0.6600 0.3704 0.2502
0.6600 0.4074 0.2412
0.6600 0.4444 0.2340
0.6600 0.4815 0.2284
0.6600 0.5185 0.2238
0.6600 0.5556 0.2202
0.6600 0.5926 0.2174
0.6600 0.6296 0.2150
0.6600 0.6667 0.2132
0.6600 0.7037 0.2117
0.6600 0.7407 0.2105
0.6600 0.7778 0.2096
0.6600 0.8148 0.2088
0.6600 0.8519 0.2082
0.6600 0.8889 0.2077
0.6600 0.9259 0.2073
0.6600 0.9630 0.2070
0.7100 0.0000 0.7100
0.7100 0.0370 0.6218
0.7100 0.0741 0.5410
0.7100 0.1111 0.4720
0.7100 0.1481 0.4155
0.7100 0.1852 0.3705
0.7100 0.2222 0.3353
0.7100 0.2593 0.3077
0.7100 0.2963 0.2863
0.7100 0.3333 0.2695
0.7100 0.3704 0.2563
0.7100 0.4074 0.2460
0.7100 0.4444 0.2378
0.7100 0.4815 0.2314
0.7100 0.5185 0.2262
0.7100 0.5556 0.2222
0.7100 0.5926 0.2189
0.7100 0.6296 0.2163
0.7100 0.6667 0.2142
0.7100 0.7037 0.2125
0.7100 0.7407 0.2112
0.7100 0.7778 0.2101
0.7100 0.8148 0.2092
0.7100 0.8519 0.2085
0.7100 0.8889 0.2079
0.7100 0.9259 0.2075
0.7100 0.9630 0.2071
0.7600 0.0000 0.7600
0.7600 0.0370 0.6709
0.7600 0.0741 0.5852
0.7600 0.1111 0.5093
0.7600 0.1481 0.4457
0.7600 0.1852 0.3945
0.7600 0.2222 0.3540
0.7600 0.2593 0.3224
0.7600 0.2963 0.2977
0.7600 0.3333 0.2784
0.7600 0.3704 0.2633
0.7600 0.4074 0.2515
0.7600 0.4444 0.2422
0.7600 0.4815 0.2348
0.7600 0.5185 0.2290
0.7600 0.5556 0.2243
0.7600 0.5926 0.2206
0.7600 0.6296 0.2177
0.7600 0.6667 0.2153
0.7600 0.7037 0.2134
0.7600 0.7407 0.2119
0.7600 0.7778 0.2107
0.7600 0.8148 0.2097
0.7600 0.8519 0.2089
0.7600 0.8889 0.2083
0.7600 0.9259 0.2077
0.7600 0.9630 0.2073
0.8100 0.0000 0.8100
0.8100 0.0370 0.7232
0.8100 0.0741 0.6345
0.8100 0.1111 0.5523
0.8100 0.1481 0.4814
0.8100 0.1852 0.4231
0.8100 0.2222 0.3765
0.8100 0.2593 0.3400
0.8100 0.2963 0.3114
0.8100 0.3333 0.2891
0.8100 0.3704 0.2717
0.8100 0.4074 0.2581
0.8100 0.4444 0.2474
0.8100 0.4815 0.2389
0.8100 0.5185 0.2322
0.8100 0.5556 0.2269
0.8100 0.5926 0.2227
0.8100 0.6296 0.2193
0.8100 0.6667 0.2166
0.8100 0.7037 0.2145
0.8100 0.7407 0.2127
0.8100 0.7778 0.2113
0.8100 0.8148 0.2102
0.8100 0.8519 0.2093
0.8100 0.8889 0.2086
0.8100 0.9259 0.2080
0.8100 0.9630 0.2076
0.8600 0.0000 0.8600
0.8600 0.0370 0.7797
0.8600 0.0741 0.6912
0.8600 0.1111 0.6040
0.8600 0.1481 0.5255
0.8600 0.1852 0.4590
0.8600 0.2222 0.4051
0.8600 0.2593 0.3624
0.8600 0.2963 0.3289
0.8600 0.3333 0.3028
0.8600 0.3704 0.2824
0.8600 0.4074 0.2665
0.8600 0.4444 0.2540
0.8600 0.4815 0.2441
0.8600 0.5185 0.2364
0.8600 0.5556 0.2302
0.8600 0.5926 0.2253
0.8600 0.6296 0.2214
0.8600 0.6667 0.2183
0.8600 0.7037 0.2158
0.8600 0.7407 0.2138
0.8600 0.7778 0.2122
0.8600 0.8148 0.2109
0.8600 0.8519 0.2099
0.8600 0.8889 0.2091
0.8600 0.9259 0.2084
0.8600 0.9630 0.2078
0.9100 0.0000 0.9100
0.9100 0.0370 0.8422
0.9100 0.0741 0.7591
0.9100 0.1111 0.6700
0.9100 0.1481 0.5843
0.9100 0.1852 0.5085
0.9100 0.2222 0.4451
0.9100 0.2593 0.3940
0.9100 0.2963 0.3537
0.9100 0.3333 0.3221
0.9100 0.3704 0.2975
0.9100 0.4074 0.2782
0.9100 0.4444 0.2632
0.9100 0.4815 0.2514
0.9100 0.5185 0.2421
0.9100 0.5556 0.2348
0.9100 0.5926 0.2289
0.9100 0.6296 0.2243
0.9100 0.6667 0.2206
0.9100 0.7037 0.2176
0.9100 0.7407 0.2153
0.9100 0.7778 0.2134
0.9100 0.8148 0.2119
0.9100 0.8519 0.2106
0.9100 0.8889 0.2097
0.9100 0.9259 0.2089
0.9100 0.9630 0.2082
0.9600 0.0000 0.9600
0.9600 0.0370 0.9148
0.9600 0.0741 0.8487
0.9600 0.1111 0.7665
0.9600 0.1481 0.6776
0.9600 0.1852 0.5913
0.9600 0.2222 0.5145
0.9600 0.2593 0.4500
0.9600 0.2963 0.3979
0.9600 0.3333 0.3567
0.9600 0.3704 0.3245
0.9600 0.4074 0.2993
0.9600 0.4444 0.2797
0.9600 0.4815 0.2644
0.9600 0.5185 0.2523
0.9600 0.5556 0.2428
0.9600 0.5926 0.2353
0.9600 0.6296 0.2294
0.9600 0.6667 0.2246
0.9600 0.7037 0.2209
0.9600 0.7407 0.2179
0.9600 0.7778 0.2155
0.9600 0.8148 0.2135
0.9600 0.8519 0.2120
0.9600 0.8889 0.2107
0.9600 0.9259 0.2097
0.9600 0.9630 0.2089
