0.0100 0.0000 0.0100
0.0100 0.0370 0.0041
0.0100 0.0741 0.0017
0.0100 0.1111 0.0007
0.0100 0.1481 0.0003
0.0100 0.1852 0.0001
0.0100 0.2222 0.0000
0.0100 0.2593 0.0000
0.0100 0.2963 0.0000
0.0100 0.3333 0.0000
0.0100 0.3704 0.0000
0.0100 0.4074 0.0000
0.0100 0.4444 0.0000
0.0100 0.4815 0.0000
0.0100 0.5185 0.0000
0.0100 0.5556 0.0000
0.0100 0.5926 0.0000
0.0100 0.6296 0.0000
0.0100 0.6667 0.0000
0.0100 0.7037 0.0000
0.0100 0.7407 0.0000
0.0100 0.7778 0.0000
0.0100 0.8148 0.0000
0.0100 0.8519 0.0000
0.0100 0.8889 0.0000
0.0100 0.9259 0.0000
0.0100 0.9630 0.0000
0.0600 0.0000 0.0600
0.0600 0.0370 0.0294
0.0600 0.0741 0.0130
0.0600 0.1111 0.0054
0.0600 0.1481 0.0022
0.0600 0.1852 0.0009
0.0600 0.2222 0.0004
0.0600 0.2593 0.0001
0.0600 0.2963 0.0001
0.0600 0.3333 0.0000
0.0600 0.3704 0.0000
0.0600 0.4074 0.0000
0.0600 0.4444 0.0000
0.0600 0.4815 0.0000
0.0600 0.5185 0.0000
0.0600 0.5556 0.0000
0.0600 0.5926 0.0000
0.0600 0.6296 0.0000
0.0600 0.6667 0.0000
0.0600 0.7037 0.0000
0.0600 0.7407 0.0000
0.0600 0.7778 0.0000
0.0600 0.8148 0.0000
0.0600 0.8519 0.0000
0.0600 0.8889 0.0000
0.0600 0.9259 0.0000
0.0600 0.9630 0.0000
0.1100 0.0000 0.1100
0.1100 0.0370 0.0619
0.1100 0.0741 0.0305
0.1100 0.1111 0.0135
0.1100 0.1481 0.0057
0.1100 0.1852 0.0023
0.1100 0.2222 0.0009
0.1100 0.2593 0.0004
0.1100 0.2963 0.0001
0.1100 0.3333 0.0001
0.1100 0.3704 0.0000
0.1100 0.4074 0.0000
0.1100 0.4444 0.0000
0.1100 0.4815 0.0000
0.1100 0.5185 0.0000
0.1100 0.5556 0.0000
0.1100 0.5926 0.0000
0.1100 0.6296 0.0000
0.1100 0.6667 0.0000
0.1100 0.7037 0.0000
0.1100 0.7407 0.0000
0.1100 0.7778 0.0000
0.1100 0.8148 0.0000
0.1100 0.8519 0.0000
0.1100 0.8889 0.0000
0.1100 0.9259 0.0000
0.1100 0.9630 0.0000
0.1600 0.0000 0.1600
0.1600 0.0370 0.1011
0.1600 0.0741 0.0556
0.1600 0.1111 0.0268
0.1600 0.1481 0.0118
0.1600 0.1852 0.0049
0.1600 0.2222 0.0020
0.1600 0.2593 0.0008
0.1600 0.2963 0.0003
0.1600 0.3333 0.0001
0.1600 0.3704 0.0001
0.1600 0.4074 0.0000
0.1600 0.4444 0.0000
0.1600 0.4815 0.0000
0.1600 0.5185 0.0000
0.1600 0.5556 0.0000
0.1600 0.5926 0.0000
0.1600 0.6296 0.0000
0.1600 0.6667 0.0000
0.1600 0.7037 0.0000
0.1600 0.7407 0.0000
0.1600 0.7778 0.0000
0.1600 0.8148 0.0000
0.1600 0.8519 0.0000
0.1600 0.8889 0.0000
0.1600 0.9259 0.0000
0.1600 0.9630 0.0000
0.2100 0.0000 0.2100
0.2100 0.0370 0.1462
0.2100 0.0741 0.0897
0.2100 0.1111 0.0478
0.2100 0.1481 0.0225
0.2100 0.1852 0.0097
0.2100 0.2222 0.0040
0.2100 0.2593 0.0016
0.2100 0.2963 0.0006
0.2100 0.3333 0.0003
0.2100 0.3704 0.0001
0.2100 0.4074 0.0000
0.2100 0.4444 0.0000
0.2100 0.4815 0.0000
0.2100 0.5185 0.0000
0.2100 0.5556 0.0000
0.2100 0.5926 0.0000
0.2100 0.6296 0.0000
0.2100 0.6667 0.0000
0.2100 0.7037 0.0000
0.2100 0.7407 0.0000
0.2100 0.7778 0.0000
0.2100 0.8148 0.0000
0.2100 0.8519 0.0000
0.2100 0.8889 0.0000
0.2100 0.9259 0.0000
0.2100 0.9630 0.0000
0.2600 0.0000 0.2600
0.2600 0.0370 0.1964
0.2600 0.0741 0.1335
0.2600 0.1111 0.0795
0.2600 0.1481 0.0412
0.2600 0.1852 0.0190
0.2600 0.2222 0.0081
0.2600 0.2593 0.0033
0.2600 0.2963 0.0013
0.2600 0.3333 0.0005
0.2600 0.3704 0.0002
0.2600 0.4074 0.0001
0.2600 0.4444 0.0000
0.2600 0.4815 0.0000
0.2600 0.5185 0.0000
0.2600 0.5556 0.0000
0.2600 0.5926 0.0000
0.2600 0.6296 0.0000
0.2600 0.6667 0.0000
0.2600 0.7037 0.0000
0.2600 0.7407 0.0000
0.2600 0.7778 0.0000
0.2600 0.8148 0.0000
0.2600 0.8519 0.0000
0.2600 0.8889 0.0000
0.2600 0.9259 0.0000
0.2600 0.9630 0.0000
0.3100 0.0000 0.3100
0.3100 0.0370 0.2510
0.3100 0.0741 0.1870
0.3100 0.1111 0.1248
0.3100 0.1481 0.0728
0.3100 0.1852 0.0370
0.3100 0.2222 0.0168
0.3100 0.2593 0.0071
0.3100 0.2963 0.0029
0.3100 0.3333 0.0012
0.3100 0.3704 0.0005
0.3100 0.4074 0.0002
0.3100 0.4444 0.0001
0.3100 0.4815 0.0000
0.3100 0.5185 0.0000
0.3100 0.5556 0.0000
0.3100 0.5926 0.0000
0.3100 0.6296 0.0000
0.3100 0.6667 0.0000
0.3100 0.7037 0.0000
0.3100 0.7407 0.0000
0.3100 0.7778 0.0000
0.3100 0.8148 0.0000
0.3100 0.8519 0.0000
0.3100 0.8889 0.0000
0.3100 0.9259 0.0000
0.3100 0.9630 0.0000
0.3600 0.0000 0.3600
0.3600 0.0370 0.3089
0.3600 0.0741 0.2497
0.3600 0.1111 0.1858
0.3600 0.1481 0.1237
0.3600 0.1852 0.0720
0.3600 0.2222 0.0365
0.3600 0.2593 0.0166
0.3600 0.2963 0.0070
0.3600 0.3333 0.0029
0.3600 0.3704 0.0011
0.3600 0.4074 0.0005
0.3600 0.4444 0.0002
0.3600 0.4815 0.0001
0.3600 0.5185 0.0000
0.3600 0.5556 0.0000
0.3600 0.5926 0.0000
0.3600 0.6296 0.0000
0.3600 0.6667 0.0000
0.3600 0.7037 0.0000
0.3600 0.7407 0.0000
0.3600 0.7778 0.0000
0.3600 0.8148 0.0000
0.3600 0.8519 0.0000
0.3600 0.8889 0.0000
0.3600 0.9259 0.0000
0.3600 0.9630 0.0000
0.4100 0.0000 0.4100
0.4100 0.0370 0.3695
0.4100 0.0741 0.3202
0.4100 0.1111 0.2625
0.4100 0.1481 0.1991
0.4100 0.1852 0.1359
0.4100 0.2222 0.0814
0.4100 0.2593 0.0424
0.4100 0.2963 0.0196
0.4100 0.3333 0.0084
0.4100 0.3704 0.0034
0.4100 0.4074 0.0014
0.4100 0.4444 0.0006
0.4100 0.4815 0.0002
0.4100 0.5185 0.0001
0.4100 0.5556 0.0000
0.4100 0.5926 0.0000
0.4100 0.6296 0.0000
0.4100 0.6667 0.0000
0.4100 0.7037 0.0000
0.4100 0.7407 0.0000
0.4100 0.7778 0.0000
0.4100 0.8148 0.0000
0.4100 0.8519 0.0000
0.4100 0.8889 0.0000
0.4100 0.9259 0.0000
0.4100 0.9630 0.0000
0.4600 0.0000 0.4600
0.4600 0.0370 0.4317
0.4600 0.0741 0.3964
0.4600 0.1111 0.3527
0.4600 0.1481 0.3003
0.4600 0.1852 0.2401
0.4600 0.2222 0.1759
0.4600 0.2593 0.1148
0.4600 0.2963 0.0654
0.4600 0.3333 0.0325
0.4600 0.3704 0.0146
0.4600 0.4074 0.0061
0.4600 0.4444 0.0025
0.4600 0.4815 0.0010
0.4600 0.5185 0.0004
0.4600 0.5556 0.0002
0.4600 0.5926 0.0001
0.4600 0.6296 0.0000
0.4600 0.6667 0.0000
0.4600 0.7037 0.0000
0.4600 0.7407 0.0000
0.4600 0.7778 0.0000
0.4600 0.8148 0.0000
0.4600 0.8519 0.0000
0.4600 0.8889 0.0000
0.4600 0.9259 0.0000
0.4600 0.9630 0.0000
0.5100 0.0000 0.5100
0.5100 0.0370 0.4949
0.5100 0.0741 0.4758
0.5100 0.1111 0.4517
0.5100 0.1481 0.4213
0.5100 0.1852 0.3833
0.5100 0.2222 0.3369
0.5100 0.2593 0.2818
0.5100 0.2963 0.2197
0.5100 0.3333 0.1556
0.5100 0.3704 0.0974
0.5100 0.4074 0.0531
0.5100 0.4444 0.0254
0.5100 0.4815 0.0111
0.5100 0.5185 0.0046
0.5100 0.5556 0.0019
0.5100 0.5926 0.0007
0.5100 0.6296 0.0003
0.5100 0.6667 0.0001
0.5100 0.7037 0.0000
0.5100 0.7407 0.0000
0.5100 0.7778 0.0000
0.5100 0.8148 0.0000
0.5100 0.8519 0.0000
0.5100 0.8889 0.0000
0.5100 0.9259 0.0000
0.5100 0.9630 0.0000
0.5600 0.0000 0.5600
0.5600 0.0370 0.5581
0.5600 0.0741 0.5558
0.5600 0.1111 0.5529
0.5600 0.1481 0.5492
0.5600 0.1852 0.5445
0.5600 0.2222 0.5385
0.5600 0.2593 0.5311
0.5600 0.2963 0.5216
0.5600 0.3333 0.5096
0.5600 0.3704 0.4944
0.5600 0.4074 0.4751
0.5600 0.4444 0.4508
0.5600 0.4815 0.4202
0.5600 0.5185 0.3820
0.5600 0.5556 0.3353
0.5600 0.5926 0.2799
0.5600 0.6296 0.2177
0.5600 0.6667 0.1537
0.5600 0.7037 0.0958
0.5600 0.7407 0.0519
0.5600 0.7778 0.0248
0.5600 0.8148 0.0108
0.5600 0.8519 0.0045
0.5600 0.8889 0.0018
0.5600 0.9259 0.0007
0.5600 0.9630 0.0003
0.6100 0.0000 0.6100
0.6100 0.0370 0.6206
0.6100 0.0741 0.6337
0.6100 0.1111 0.6497
0.6100 0.1481 0.6692
0.6100 0.1852 0.6925
0.6100 0.2222 0.7199
0.6100 0.2593 0.7514
0.6100 0.2963 0.7863
0.6100 0.3333 0.8234
0.6100 0.3704 0.8605
0.6100 0.4074 0.8952
0.6100 0.4444 0.9252
0.6100 0.4815 0.9491
0.6100 0.5185 0.9667
0.6100 0.5556 0.9789
0.6100 0.5926 0.9869
0.6100 0.6296 0.9920
0.6100 0.6667 0.9951
0.6100 0.7037 0.9971
0.6100 0.7407 0.9982
0.6100 0.7778 0.9989
0.6100 0.8148 0.9994
0.6100 0.8519 0.9996
0.6100 0.8889 0.9998
0.6100 0.9259 0.9999
0.6100 0.9630 0.9999
0.6600 0.0000 0.6600
0.6600 0.0370 0.6815
0.6600 0.0741 0.7071
0.6600 0.1111 0.7368
0.6600 0.1481 0.7702
0.6600 0.1852 0.8066
0.6600 0.2222 0.8440
0.6600 0.2593 0.8801
0.6600 0.2963 0.9124
0.6600 0.3333 0.9392
0.6600 0.3704 0.9595
0.6600 0.4074 0.9740
0.6600 0.4444 0.9837
0.6600 0.4815 0.9900
0.6600 0.5185 0.9939
0.6600 0.5556 0.9963
0.6600 0.5926 0.9978
0.6600 0.6296 0.9987
0.6600 0.6667 0.9992
0.6600 0.7037 0.9995
0.6600 0.7407 0.9997
0.6600 0.7778 0.9998
0.6600 0.8148 0.9999
0.6600 0.8519 0.9999
0.6600 0.8889 1.0000
0.6600 0.9259 1.0000
0.6600 0.9630 1.0000
0.7100 0.0000 0.7100
0.7100 0.0370 0.7401
0.7100 0.0741 0.7739
0.7100 0.1111 0.8105
0.7100 0.1481 0.8479
0.7100 0.1852 0.8837
0.7100 0.2222 0.9155
0.7100 0.2593 0.9416
0.7100 0.2963 0.9613
0.7100 0.3333 0.9752
0.7100 0.3704 0.9845
0.7100 0.4074 0.9905
0.7100 0.4444 0.9942
0.7100 0.4815 0.9965
0.7100 0.5185 0.9979
0.7100 0.5556 0.9987
0.7100 0.5926 0.9992
0.7100 0.6296 0.9995
0.7100 0.6667 0.9997
0.7100 0.7037 0.9998
0.7100 0.7407 0.9999
0.7100 0.7778 0.9999
0.7100 0.8148 1.0000
0.7100 0.8519 1.0000
0.7100 0.8889 1.0000
0.7100 0.9259 1.0000
0.7100 0.9630 1.0000
0.7600 0.0000 0.7600
0.7600 0.0370 0.7956
0.7600 0.0741 0.8329
0.7600 0.1111 0.8697
0.7600 0.1481 0.9034
0.7600 0.1852 0.9319
0.7600 0.2222 0.9542
0.7600 0.2593 0.9703
0.7600 0.2963 0.9813
0.7600 0.3333 0.9884
0.7600 0.3704 0.9929
0.7600 0.4074 0.9957
0.7600 0.4444 0.9974
0.7600 0.4815 0.9984
0.7600 0.5185 0.9991
0.7600 0.5556 0.9994
0.7600 0.5926 0.9997
0.7600 0.6296 0.9998
0.7600 0.6667 0.9999
0.7600 0.7037 0.9999
0.7600 0.7407 1.0000
0.7600 0.7778 1.0000
0.7600 0.8148 1.0000
0.7600 0.8519 1.0000
0.7600 0.8889 1.0000
0.7600 0.9259 1.0000
0.7600 0.9630 1.0000
0.8100 0.0000 0.8100
0.8100 0.0370 0.8474
0.8100 0.0741 0.8833
0.8100 0.1111 0.9152
0.8100 0.1481 0.9413
0.8100 0.1852 0.9611
0.8100 0.2222 0.9751
0.8100 0.2593 0.9844
0.8100 0.2963 0.9904
0.8100 0.3333 0.9942
0.8100 0.3704 0.9965
0.8100 0.4074 0.9979
0.8100 0.4444 0.9987
0.8100 0.4815 0.9992
0.8100 0.5185 0.9995
0.8100 0.5556 0.9997
0.8100 0.5926 0.9998
0.8100 0.6296 0.9999
0.8100 0.6667 0.9999
0.8100 0.7037 1.0000
0.8100 0.7407 1.0000
0.8100 0.7778 1.0000
0.8100 0.8148 1.0000
0.8100 0.8519 1.0000
0.8100 0.8889 1.0000
0.8100 0.9259 1.0000
0.8100 0.9630 1.0000
0.8600 0.0000 0.8600
0.8600 0.0370 0.8948
0.8600 0.0741 0.9248
0.8600 0.1111 0.9488
0.8600 0.1481 0.9665
0.8600 0.1852 0.9787
0.8600 0.2222 0.9868
0.8600 0.2593 0.9919
0.8600 0.2963 0.9951
0.8600 0.3333 0.9970
0.8600 0.3704 0.9982
0.8600 0.4074 0.9989
0.8600 0.4444 0.9994
0.8600 0.4815 0.9996
0.8600 0.5185 0.9998
0.8600 0.5556 0.9999
0.8600 0.5926 0.9999
0.8600 0.6296 1.0000
0.8600 0.6667 1.0000
0.8600 0.7037 1.0000
0.8600 0.7407 1.0000
0.8600 0.7778 1.0000
0.8600 0.8148 1.0000
0.8600 0.8519 1.0000
0.8600 0.8889 1.0000
0.8600 0.9259 1.0000
0.8600 0.9630 1.0000
0.9100 0.0000 0.9100
0.9100 0.0370 0.9372
0.9100 0.0741 0.9581
0.9100 0.1111 0.9730
0.9100 0.1481 0.9831
0.9100 0.1852 0.9896
0.9100 0.2222 0.9936
0.9100 0.2593 0.9962
0.9100 0.2963 0.9977
0.9100 0.3333 0.9986
0.9100 0.3704 0.9992
0.9100 0.4074 0.9995
0.9100 0.4444 0.9997
0.9100 0.4815 0.9998
0.9100 0.5185 0.9999
0.9100 0.5556 0.9999
0.9100 0.5926 1.0000
0.9100 0.6296 1.0000
0.9100 0.6667 1.0000
0.9100 0.7037 1.0000
0.9100 0.7407 1.0000
0.9100 0.7778 1.0000
0.9100 0.8148 1.0000
0.9100 0.8519 1.0000
0.9100 0.8889 1.0000
0.9100 0.9259 1.0000
0.9100 0.9630 1.0000
0.9600 0.0000 0.9600
0.9600 0.0370 0.9743
0.9600 0.0741 0.9839
0.9600 0.1111 0.9901
0.9600 0.1481 0.9940
0.9600 0.1852 0.9964
0.9600 0.2222 0.9978
0.9600 0.2593 0.9987
0.9600 0.2963 0.9992
0.9600 0.3333 0.9995
0.9600 0.3704 0.9997
0.9600 0.4074 0.9998
0.9600 0.4444 0.9999
0.9600 0.4815 0.9999
0.9600 0.5185 1.0000
0.9600 0.5556 1.0000
0.9600 0.5926 1.0000
0.9600 0.6296 1.0000
0.9600 0.6667 1.0000
0.9600 0.7037 1.0000
0.9600 0.7407 1.0000
0.9600 0.7778 1.0000
0.9600 0.8148 1.0000
0.9600 0.8519 1.0000
0.9600 0.8889 1.0000
0.9600 0.9259 1.0000
0.9600 0.9630 1.0000