0.0100 0.0000 0.0100
0.0100 0.0370 0.0291
0.0100 0.0741 0.0586
0.0100 0.1111 0.0935
0.0100 0.1481 0.1282
0.0100 0.1852 0.1592
0.0100 0.2222 0.1849
0.0100 0.2593 0.2053
0.0100 0.2963 0.2210
0.0100 0.3333 0.2328
0.0100 0.3704 0.2417
0.0100 0.4074 0.2483
0.0100 0.4444 0.2531
0.0100 0.4815 0.2567
0.0100 0.5185 0.2593
0.0100 0.5556 0.2612
0.0100 0.5926 0.2625
0.0100 0.6296 0.2636
0.0100 0.6667 0.2643
0.0100 0.7037 0.2648
0.0100 0.7407 0.2652
0.0100 0.7778 0.2655
0.0100 0.8148 0.2657
0.0100 0.8519 0.2659
0.0100 0.8889 0.2660
0.0100 0.9259 0.2661
0.0100 0.9630 0.2661
0.0600 0.0000 0.0600
0.0600 0.0370 0.0950
0.0600 0.0741 0.1296
0.0600 0.1111 0.1604
0.0600 0.1481 0.1858
0.0600 0.1852 0.2060
0.0600 0.2222 0.2215
0.0600 0.2593 0.2333
0.0600 0.2963 0.2420
0.0600 0.3333 0.2485
0.0600 0.3704 0.2533
0.0600 0.4074 0.2568
0.0600 0.4444 0.2594
0.0600 0.4815 0.2612
0.0600 0.5185 0.2626
0.0600 0.5556 0.2636
0.0600 0.5926 0.2643
0.0600 0.6296 0.2649
0.0600 0.6667 0.2652
0.0600 0.7037 0.2655
0.0600 0.7407 0.2657
0.0600 0.7778 0.2659
0.0600 0.8148 0.2660
0.0600 0.8519 0.2661
0.0600 0.8889 0.2661
0.0600 0.9259 0.2662
0.0600 0.9630 0.2662
0.1100 0.0000 0.1100
0.1100 0.0370 0.1433
0.1100 0.0741 0.1719
0.1100 0.1111 0.1950
0.1100 0.1481 0.2131
0.1100 0.1852 0.2269
0.1100 0.2222 0.2373
0.1100 0.2593 0.2450
0.1100 0.2963 0.2507
0.1100 0.3333 0.2549
0.1100 0.3704 0.2580
0.1100 0.4074 0.2602
0.1100 0.4444 0.2619
0.1100 0.4815 0.2631
0.1100 0.5185 0.2639
0.1100 0.5556 0.2646
0.1100 0.5926 0.2650
0.1100 0.6296 0.2654
0.1100 0.6667 0.2656
0.1100 0.7037 0.2658
0.1100 0.7407 0.2659
0.1100 0.7778 0.2660
0.1100 0.8148 0.2661
0.1100 0.8519 0.2661
0.1100 0.8889 0.2662
0.1100 0.9259 0.2662
0.1100 0.9630 0.2662
0.1600 0.0000 0.1600
0.1600 0.0370 0.1855
0.1600 0.0741 0.2058
0.1600 0.1111 0.2214
0.1600 0.1481 0.2331
0.1600 0.1852 0.2419
0.1600 0.2222 0.2484
0.1600 0.2593 0.2532
0.1600 0.2963 0.2568
0.1600 0.3333 0.2593
0.1600 0.3704 0.2612
0.1600 0.4074 0.2626
0.1600 0.4444 0.2636
0.1600 0.4815 0.2643
0.1600 0.5185 0.2648
0.1600 0.5556 0.2652
0.1600 0.5926 0.2655
0.1600 0.6296 0.2657
0.1600 0.6667 0.2659
0.1600 0.7037 0.2660
0.1600 0.7407 0.2661
0.1600 0.7778 0.2661
0.1600 0.8148 0.2662
0.1600 0.8519 0.2662
0.1600 0.8889 0.2662
0.1600 0.9259 0.2662
0.1600 0.9630 0.2662
0.2100 0.0000 0.2100
0.2100 0.0370 0.2246
0.2100 0.0741 0.2355
0.2100 0.1111 0.2437
0.2100 0.1481 0.2498
0.2100 0.1852 0.2542
0.2100 0.2222 0.2575
0.2100 0.2593 0.2598
0.2100 0.2963 0.2616
0.2100 0.3333 0.2629
0.2100 0.3704 0.2638
0.2100 0.4074 0.2645
0.2100 0.4444 0.2650
0.2100 0.4815 0.2653
0.2100 0.5185 0.2656
0.2100 0.5556 0.2658
0.2100 0.5926 0.2659
0.2100 0.6296 0.2660
0.2100 0.6667 0.2661
0.2100 0.7037 0.2661
0.2100 0.7407 0.2662
0.2100 0.7778 0.2662
0.2100 0.8148 0.2662
0.2100 0.8519 0.2662
0.2100 0.8889 0.2662
0.2100 0.9259 0.2662
0.2100 0.9630 0.2662
0.2600 0.0000 0.2600
0.2600 0.0370 0.2617
0.2600 0.0741 0.2629
0.2600 0.1111 0.2638
0.2600 0.1481 0.2645
0.2600 0.1852 0.2650
0.2600 0.2222 0.2653
0.2600 0.2593 0.2656
0.2600 0.2963 0.2658
0.2600 0.3333 0.2659
0.2600 0.3704 0.2660
0.2600 0.4074 0.2661
0.2600 0.4444 0.2661
0.2600 0.4815 0.2662
0.2600 0.5185 0.2662
0.2600 0.5556 0.2662
0.2600 0.5926 0.2662
0.2600 0.6296 0.2662
0.2600 0.6667 0.2662
0.2600 0.7037 0.2662
0.2600 0.7407 0.2663
0.2600 0.7778 0.2663
0.2600 0.8148 0.2663
0.2600 0.8519 0.2663
0.2600 0.8889 0.2663
0.2600 0.9259 0.2663
0.2600 0.9630 0.2663
0.3100 0.0000 0.3100
0.3100 0.0370 0.2978
0.3100 0.0741 0.2890
0.3100 0.1111 0.2827
0.3100 0.1481 0.2782
0.3100 0.1852 0.2749
0.3100 0.2222 0.2725
0.3100 0.2593 0.2708
0.3100 0.2963 0.2696
0.3100 0.3333 0.2687
0.3100 0.3704 0.2680
0.3100 0.4074 0.2675
0.3100 0.4444 0.2672
0.3100 0.4815 0.2669
0.3100 0.5185 0.2668
0.3100 0.5556 0.2666
0.3100 0.5926 0.2665
0.3100 0.6296 0.2665
0.3100 0.6667 0.2664
0.3100 0.7037 0.2664
0.3100 0.7407 0.2663
0.3100 0.7778 0.2663
0.3100 0.8148 0.2663
0.3100 0.8519 0.2663
0.3100 0.8889 0.2663
0.3100 0.9259 0.2663
0.3100 0.9630 0.2663
0.3600 0.0000 0.3600
0.3600 0.0370 0.3333
0.3600 0.0741 0.3144
0.3600 0.1111 0.3009
0.3600 0.1481 0.2912
0.3600 0.1852 0.2843
0.3600 0.2222 0.2793
0.3600 0.2593 0.2757
0.3600 0.2963 0.2731
0.3600 0.3333 0.2713
0.3600 0.3704 0.2699
0.3600 0.4074 0.2689
0.3600 0.4444 0.2682
0.3600 0.4815 0.2677
0.3600 0.5185 0.2673
0.3600 0.5556 0.2670
0.3600 0.5926 0.2668
0.3600 0.6296 0.2667
0.3600 0.6667 0.2665
0.3600 0.7037 0.2665
0.3600 0.7407 0.2664
0.3600 0.7778 0.2664
0.3600 0.8148 0.2663
0.3600 0.8519 0.2663
0.3600 0.8889 0.2663
0.3600 0.9259 0.2663
0.3600 0.9630 0.2663
0.4100 0.0000 0.4100
0.4100 0.0370 0.3688
0.4100 0.0741 0.3396
0.4100 0.1111 0.3188
0.4100 0.1481 0.3040
0.4100 0.1852 0.2935
0.4100 0.2222 0.2859
0.4100 0.2593 0.2805
0.4100 0.2963 0.2766
0.4100 0.3333 0.2737
0.4100 0.3704 0.2717
0.4100 0.4074 0.2702
0.4100 0.4444 0.2691
0.4100 0.4815 0.2683
0.4100 0.5185 0.2678
0.4100 0.5556 0.2674
0.4100 0.5926 0.2671
0.4100 0.6296 0.2668
0.4100 0.6667 0.2667
0.4100 0.7037 0.2666
0.4100 0.7407 0.2665
0.4100 0.7778 0.2664
0.4100 0.8148 0.2664
0.4100 0.8519 0.2663
0.4100 0.8889 0.2663
0.4100 0.9259 0.2663
0.4100 0.9630 0.2663
0.4600 0.0000 0.4600
0.4600 0.0370 0.4046
0.4600 0.0741 0.3650
0.4600 0.1111 0.3368
0.4600 0.1481 0.3169
0.4600 0.1852 0.3027
0.4600 0.2222 0.2925
0.4600 0.2593 0.2852
0.4600 0.2963 0.2800
0.4600 0.3333 0.2762
0.4600 0.3704 0.2735
0.4600 0.4074 0.2715
0.4600 0.4444 0.2701
0.4600 0.4815 0.2690
0.4600 0.5185 0.2683
0.4600 0.5556 0.2677
0.4600 0.5926 0.2673
0.4600 0.6296 0.2670
0.4600 0.6667 0.2668
0.4600 0.7037 0.2667
0.4600 0.7407 0.2666
0.4600 0.7778 0.2665
0.4600 0.8148 0.2664
0.4600 0.8519 0.2664
0.4600 0.8889 0.2663
0.4600 0.9259 0.2663
0.4600 0.9630 0.2663
0.5100 0.0000 0.5100
0.5100 0.0370 0.4411
0.5100 0.0741 0.3910
0.5100 0.1111 0.3553
0.5100 0.1481 0.3300
0.5100 0.1852 0.3120
0.5100 0.2222 0.2992
0.5100 0.2593 0.2900
0.5100 0.2963 0.2834
0.5100 0.3333 0.2787
0.5100 0.3704 0.2753
0.5100 0.4074 0.2728
0.5100 0.4444 0.2710
0.5100 0.4815 0.2697
0.5100 0.5185 0.2688
0.5100 0.5556 0.2681
0.5100 0.5926 0.2676
0.5100 0.6296 0.2672
0.5100 0.6667 0.2670
0.5100 0.7037 0.2668
0.5100 0.7407 0.2666
0.5100 0.7778 0.2665
0.5100 0.8148 0.2665
0.5100 0.8519 0.2664
0.5100 0.8889 0.2664
0.5100 0.9259 0.2663
0.5100 0.9630 0.2663
0.5600 0.0000 0.5600
0.5600 0.0370 0.4786
0.5600 0.0741 0.4181
0.5600 0.1111 0.3746
0.5600 0.1481 0.3437
0.5600 0.1852 0.3217
0.5600 0.2222 0.3061
0.5600 0.2593 0.2950
0.5600 0.2963 0.2870
0.5600 0.3333 0.2813
0.5600 0.3704 0.2771
0.5600 0.4074 0.2741
0.5600 0.4444 0.2720
0.5600 0.4815 0.2704
0.5600 0.5185 0.2693
0.5600 0.5556 0.2685
0.5600 0.5926 0.2679
0.5600 0.6296 0.2674
0.5600 0.6667 0.2671
0.5600 0.7037 0.2669
0.5600 0.7407 0.2667
0.5600 0.7778 0.2666
0.5600 0.8148 0.2665
0.5600 0.8519 0.2664
0.5600 0.8889 0.2664
0.5600 0.9259 0.2664
0.5600 0.9630 0.2663
0.6100 0.0000 0.6100
0.6100 0.0370 0.5175
0.6100 0.0741 0.4467
0.6100 0.1111 0.3950
0.6100 0.1481 0.3582
0.6100 0.1852 0.3320
0.6100 0.2222 0.3134
0.6100 0.2593 0.3002
0.6100 0.2963 0.2908
0.6100 0.3333 0.2840
0.6100 0.3704 0.2791
0.6100 0.4074 0.2756
0.6100 0.4444 0.2730
0.6100 0.4815 0.2712
0.6100 0.5185 0.2698
0.6100 0.5556 0.2688
0.6100 0.5926 0.2681
0.6100 0.6296 0.2676
0.6100 0.6667 0.2673
0.6100 0.7037 0.2670
0.6100 0.7407 0.2668
0.6100 0.7778 0.2666
0.6100 0.8148 0.2665
0.6100 0.8519 0.2665
0.6100 0.8889 0.2664
0.6100 0.9259 0.2664
0.6100 0.9630 0.2663
0.6600 0.0000 0.6600
0.6600 0.0370 0.5583
0.6600 0.0741 0.4773
0.6600 0.1111 0.4172
0.6600 0.1481 0.3739
0.6600 0.1852 0.3432
0.6600 0.2222 0.3214
0.6600 0.2593 0.3059
0.6600 0.2963 0.2948
0.6600 0.3333 0.2869
0.6600 0.3704 0.2812
0.6600 0.4074 0.2771
0.6600 0.4444 0.2741
0.6600 0.4815 0.2720
0.6600 0.5185 0.2704
0.6600 0.5556 0.2693
0.6600 0.5926 0.2684
0.6600 0.6296 0.2678
0.6600 0.6667 0.2674
0.6600 0.7037 0.2671
0.6600 0.7407 0.2669
0.6600 0.7778 0.2667
0.6600 0.8148 0.2666
0.6600 0.8519 0.2665
0.6600 0.8889 0.2664
0.6600 0.9259 0.2664
0.6600 0.9630 0.2664
0.7100 0.0000 0.7100
0.7100 0.0370 0.6013
0.7100 0.0741 0.5106
0.7100 0.1111 0.4416
0.7100 0.1481 0.3914
0.7100 0.1852 0.3556
0.7100 0.2222 0.3302
0.7100 0.2593 0.3121
0.7100 0.2963 0.2993
0.7100 0.3333 0.2901
0.7100 0.3704 0.2835
0.7100 0.4074 0.2787
0.7100 0.4444 0.2753
0.7100 0.4815 0.2728
0.7100 0.5185 0.2710
0.7100 0.5556 0.2697
0.7100 0.5926 0.2688
0.7100 0.6296 0.2681
0.7100 0.6667 0.2676
0.7100 0.7037 0.2672
0.7100 0.7407 0.2670
0.7100 0.7778 0.2668
0.7100 0.8148 0.2666
0.7100 0.8519 0.2665
0.7100 0.8889 0.2665
0.7100 0.9259 0.2664
0.7100 0.9630 0.2664
0.7600 0.0000 0.7600
0.7600 0.0370 0.6473
0.7600 0.0741 0.5477
0.7600 0.1111 0.4693
0.7600 0.1481 0.4113
0.7600 0.1852 0.3697
0.7600 0.2222 0.3402
0.7600 0.2593 0.3193
0.7600 0.2963 0.3044
0.7600 0.3333 0.2937
0.7600 0.3704 0.2861
0.7600 0.4074 0.2806
0.7600 0.4444 0.2767
0.7600 0.4815 0.2738
0.7600 0.5185 0.2717
0.7600 0.5556 0.2702
0.7600 0.5926 0.2692
0.7600 0.6296 0.2684
0.7600 0.6667 0.2678
0.7600 0.7037 0.2674
0.7600 0.7407 0.2671
0.7600 0.7778 0.2668
0.7600 0.8148 0.2667
0.7600 0.8519 0.2666
0.7600 0.8889 0.2665
0.7600 0.9259 0.2664
0.7600 0.9630 0.2664
0.8100 0.0000 0.8100
0.8100 0.0370 0.6971
0.8100 0.0741 0.5899
0.8100 0.1111 0.5017
0.8100 0.1481 0.4350
0.8100 0.1852 0.3866
0.8100 0.2222 0.3522
0.8100 0.2593 0.3278
0.8100 0.2963 0.3104
0.8100 0.3333 0.2981
0.8100 0.3704 0.2892
0.8100 0.4074 0.2829
0.8100 0.4444 0.2783
0.8100 0.4815 0.2750
0.8100 0.5185 0.2726
0.8100 0.5556 0.2709
0.8100 0.5926 0.2696
0.8100 0.6296 0.2687
0.8100 0.6667 0.2680
0.8100 0.7037 0.2675
0.8100 0.7407 0.2672
0.8100 0.7778 0.2669
0.8100 0.8148 0.2668
0.8100 0.8519 0.2666
0.8100 0.8889 0.2665
0.8100 0.9259 0.2665
0.8100 0.9630 0.2664
0.8600 0.0000 0.8600
0.8600 0.0370 0.7521
0.8600 0.0741 0.6398
0.8600 0.1111 0.5415
0.8600 0.1481 0.4646
0.8600 0.1852 0.4080
0.8600 0.2222 0.3674
0.8600 0.2593 0.3385
0.8600 0.2963 0.3181
0.8600 0.3333 0.3035
0.8600 0.3704 0.2931
0.8600 0.4074 0.2857
0.8600 0.4444 0.2803
0.8600 0.4815 0.2764
0.8600 0.5185 0.2736
0.8600 0.5556 0.2716
0.8600 0.5926 0.2702
0.8600 0.6296 0.2691
0.8600 0.6667 0.2683
0.8600 0.7037 0.2678
0.8600 0.7407 0.2673
0.8600 0.7778 0.2671
0.8600 0.8148 0.2668
0.8600 0.8519 0.2667
0.8600 0.8889 0.2666
0.8600 0.9259 0.2665
0.8600 0.9630 0.2664
0.9100 0.0000 0.9100
0.9100 0.0370 0.8149
0.9100 0.0741 0.7022
0.9100 0.1111 0.5944
0.9100 0.1481 0.5052
0.9100 0.1852 0.4376
0.9100 0.2222 0.3885
0.9100 0.2593 0.3535
0.9100 0.2963 0.3287
0.9100 0.3333 0.3111
0.9100 0.3704 0.2985
0.9100 0.4074 0.2896
0.9100 0.4444 0.2831
0.9100 0.4815 0.2785
0.9100 0.5185 0.2751
0.9100 0.5556 0.2727
0.9100 0.5926 0.2709
0.9100 0.6296 0.2696
0.9100 0.6667 0.2687
0.9100 0.7037 0.2680
0.9100 0.7407 0.2676
0.9100 0.7778 0.2672
0.9100 0.8148 0.2669
0.9100 0.8519 0.2668
0.9100 0.8889 0.2666
0.9100 0.9259 0.2665
0.9100 0.9630 0.2665
0.9600 0.0000 0.9600
0.9600 0.0370 0.8918
0.9600 0.0741 0.7909
0.9600 0.1111 0.6775
0.9600 0.1481 0.5730
0.9600 0.1852 0.4886
0.9600 0.2222 0.4254
0.9600 0.2593 0.3798
0.9600 0.2963 0.3473
0.9600 0.3333 0.3243
0.9600 0.3704 0.3080
0.9600 0.4074 0.2963
0.9600 0.4444 0.2880
0.9600 0.4815 0.2820
0.9600 0.5185 0.2776
0.9600 0.5556 0.2745
0.9600 0.5926 0.2722
0.9600 0.6296 0.2706
0.9600 0.6667 0.2694
0.9600 0.7037 0.2686
0.9600 0.7407 0.2679
0.9600 0.7778 0.2675
0.9600 0.8148 0.2671
0.9600 0.8519 0.2669
0.9600 0.8889 0.2667
0.9600 0.9259 0.2666
0.9600 0.9630 0.2665
